20150818,27.7700,28.4600,27.6600,28.4300,10865000
20150819,27.4300,27.7300,27.3000,27.4600,11332900
20150820,26.5200,27.3000,26.4900,27.2100,15819500
20150821,25.7700,26.6400,25.7200,26.3300,19527700
20150824,24.9300,25.1100,23.2300,23.8700,23085800
20150825,25.2300,25.8500,25.2300,25.3700,22650400
20150826,26.1700,26.1900,25.1900,25.9100,16809000
20150827,27.1000,27.1900,26.4400,26.5100,18148500
20150828,27.2500,27.2700,26.8100,26.9800,11313400
20150831,27.1100,27.2600,27.0000,27.0800,11635800
20150901,26.4800,27.0900,26.3000,26.5400,15491900
20150902,26.8700,26.9200,26.4100,26.8600,10907600
20150903,27.0400,27.6000,26.9300,27.3600,12281600
20150904,26.4800,26.7500,26.2900,26.5700,9066900
20150908,26.3600,26.7500,26.2100,26.6900,14685900
20150909,26.2000,26.9100,26.1500,26.9100,10328400
20150910,26.1500,26.2400,25.7700,25.7700,12912100
20150911,26.3200,26.3300,25.9100,26.1200,6241200
20150914,25.7500,26.2200,25.6600,26.2200,9207100
20150915,25.9800,26.0700,25.4100,25.8000,12316300
20150916,26.7400,26.7500,25.9100,26.0000,13030700
20150917,26.2700,26.7700,26.2000,26.7000,14936500
20150918,26.0200,26.2000,25.3300,25.9700,23469900
20150921,25.9200,26.5000,25.6900,26.2600,9343600
20150922,25.6100,25.8000,25.4000,25.7000,10875300
20150923,25.5900,25.7600,25.4600,25.6200,6766300
20150924,25.6100,25.6800,25.0900,25.2800,9734000
20150925,25.3300,25.8100,25.1800,25.7600,8717900
20150928,24.1400,25.2200,24.1000,25.1500,15787800
20150929,24.0800,24.3800,23.7600,24.2000,19652200
20150930,24.4400,24.5000,24.0300,24.3200,12862200
20151001,24.9100,25.0100,24.4400,24.5000,16269100
20151002,25.5300,25.5500,24.3100,24.5100,13228000
20151005,25.7400,25.8800,25.5100,25.5900,11762100
20151006,25.6800,25.8400,25.5800,25.6800,9041600
20151007,25.6800,25.9300,25.4900,25.9100,11440500
20151008,24.1500,25.0800,23.6200,24.9400,48539500
20151009,24.3000,24.4200,24.0500,24.2100,17628900
20151012,24.5600,24.6200,23.9800,24.0400,9882300
20151013,24.6200,24.9000,24.4100,24.5300,11539400
20151014,24.0000,24.8000,23.9300,24.7900,14584400
20151015,24.5100,24.5400,23.9600,24.1500,16102100
20151016,24.5500,24.7200,24.4000,24.4600,9135300
20151019,24.5600,24.5700,24.2600,24.5400,11451900
20151020,24.4200,24.6800,24.2500,24.5600,12340100
20151021,24.2100,24.7000,24.1800,24.5600,16881400
20151022,27.5800,27.6600,26.2600,26.5000,44605900
20151023,28.1600,28.5700,27.3200,27.7300,21803600
20151026,28.1700,28.2300,27.6900,27.7400,13164800
20151027,28.3700,28.4400,28.0600,28.2100,10970500
20151028,28.2500,28.4700,27.9700,28.4700,11374100
20151029,28.1800,28.3200,28.0200,28.2100,9022500
20151030,27.9000,28.3000,27.8100,28.2400,9792600
20151102,28.5000,28.5200,27.7200,27.7300,11305900
20151103,28.9000,29.2900,28.3700,28.4100,16644100
20151104,29.3000,29.3800,28.8800,28.9000,13532800
20151105,29.3000,29.5800,28.9200,28.9200,12500400
20151106,29.4000,29.6900,28.9700,29.0300,12308400
20151109,29.1800,29.3800,28.8200,29.3800,11252000
20151110,29.1400,29.3000,28.8500,29.1800,13603100
20151111,28.9500,29.3300,28.8800,29.1000,22126500
20151112,28.5600,28.9200,28.5300,28.6700,11702700
20151113,28.1900,29.0400,28.1400,28.5500,14700800
20151116,28.4800,28.5000,27.9600,28.2900,11121400
20151117,28.4500,28.7200,28.3300,28.5000,9095800
20151118,28.7500,28.7800,28.1900,28.6200,10796500
20151119,28.7700,28.9000,28.5600,28.5600,6751300
20151120,29.0600,29.1600,28.6600,28.9900,7997200
20151123,28.8400,29.1300,28.6400,28.9200,7365400
20151124,29.0000,29.1800,28.4200,28.4200,7769400
20151125,29.0000,29.0400,28.7100,28.7800,6657900
20151127,29.1000,29.2200,28.7900,29.0900,5317700
20151130,29.5900,29.6300,29.0400,29.0900,16687400
20151201,29.0500,29.8300,29.0200,29.7500,12950700
20151202,28.9700,29.4100,28.7900,29.1600,10628400
20151203,28.5900,29.0000,28.1200,29.0000,13641400
20151204,29.3500,29.5900,28.5900,28.7200,10055900
20151207,29.0500,29.3700,28.8200,29.2900,7037100
20151208,28.7900,29.1000,28.5000,28.9300,8936400
20151209,28.3400,28.8500,28.1400,28.4200,7131700
20151210,28.5700,28.9000,28.2300,28.2800,8830800
20151211,27.9700,28.4300,27.8700,28.1900,9105200
20151214,28.0400,28.4200,27.8500,28.1000,11452800
20151215,28.3100,28.6000,28.2200,28.2300,10246900
20151216,28.5700,28.6600,28.2600,28.5200,12510200
20151217,28.0500,28.7500,28.0300,28.6500,7321700
20151218,27.4600,28.0700,27.4500,27.8400,20493800
20151221,27.5900,27.7100,27.2600,27.6200,10801500
20151222,27.8900,28.0700,27.4200,27.6200,12376200
20151223,27.7800,28.0400,27.6500,28.0000,5315300
20151224,27.6600,27.9400,27.6000,27.9100,2517300
20151228,27.6400,27.6900,27.3200,27.5200,3722400
20151229,27.9100,28.0000,27.7000,27.7300,4332400
20151230,27.7500,27.9900,27.7100,27.7300,4036200
20151231,27.4800,27.6900,27.4500,27.6300,4923800
20160104,26.4300,27.2500,26.0800,27.1100,19107600
20160105,26.1200,26.8600,25.9400,26.6100,16691400
20160106,26.4100,26.6600,25.7700,25.8300,12139900
20160107,25.6900,26.4700,25.6000,25.8000,13350000
20160108,25.7500,26.1600,25.6700,25.9700,11233800
20160111,26.1000,26.2500,25.8000,25.9500,11939900
20160112,26.2100,26.4000,25.9200,26.1100,9444200
20160113,25.4100,26.4600,25.2600,26.4100,11659900
20160114,25.8600,26.1500,24.9500,25.4200,16551100
20160115,25.2600,25.4800,24.8000,25.0500,14332700
20160119,25.7700,25.9100,25.3600,25.6100,13824600
20160120,25.8200,26.1400,24.7600,24.8400,17507900
20160121,26.0900,26.2500,25.3200,25.8700,15403100
20160122,26.4300,26.7400,26.1100,26.4600,10447000
20160125,26.1400,26.5500,26.1000,26.4000,9867100
20160126,26.6500,26.6700,26.2000,26.2000,7625500
20160127,26.4200,27.0700,26.1000,26.7100,18597800
20160128,23.1300,24.1300,22.4000,23.2300,55880800
20160129,23.4600,23.4800,22.9500,23.1900,30604900
20160201,23.9400,24.2300,23.2600,23.3400,19884900
20160202,23.2900,23.7600,23.2100,23.7200,16073900
20160203,23.5000,23.7300,22.9100,23.4500,19749200
20160204,23.4900,23.6100,23.0900,23.4900,15936800
20160205,23.2000,23.5100,23.0600,23.4500,18872300
20160208,22.4800,22.8800,21.5200,22.8600,20601200
20160209,22.0100,23.0000,21.9100,22.1900,16786400
20160210,22.3200,22.7200,22.0800,22.2700,12220500
20160211,22.0800,22.4500,21.6400,21.9300,17634500
20160212,22.4900,22.6200,22.2300,22.3800,11866100
20160216,22.9500,23.0000,22.2300,22.3000,10380600
20160217,23.2200,23.2800,22.9000,23.0800,10904000
20160218,23.5300,23.6700,23.0800,23.1200,11111100
20160219,23.8100,23.8600,23.3500,23.4300,9784600
20160222,24.2400,24.2900,23.9200,23.9500,9724900
20160223,23.6200,24.2000,23.6100,24.0400,10125500
20160224,23.9600,24.0200,23.2800,23.4300,9471700
20160225,24.1800,24.2000,23.8900,24.0300,7554600
20160226,24.1800,24.5400,24.1300,24.3900,7415000
20160229,23.8000,24.3500,23.7700,24.1200,7062200
20160301,24.2500,24.2500,23.6200,23.9900,8742000
20160302,23.7200,24.1900,23.6600,24.1300,9875800
20160303,23.9400,23.9900,23.5800,23.6900,7778100
20160304,24.4100,24.6200,23.9300,24.0600,8254200
20160307,24.2600,24.4000,24.0600,24.3600,4889000
20160308,24.0700,24.3900,23.6900,24.0200,11574000
20160309,23.9500,24.4900,23.7000,24.3400,12347700
20160310,23.6900,24.1000,22.9800,24.0400,19207600
20160311,24.0200,24.0800,23.9000,23.9700,13854000
20160314,24.2800,24.3500,23.9000,24.0200,16007600
20160315,23.5800,24.1500,23.5400,24.1000,8854200
20160316,23.6800,23.7900,22.8800,23.4500,22223000
20160317,23.7600,23.9300,23.3400,23.7800,11338200
20160318,23.7700,23.9700,23.1900,23.7600,19940400
20160321,24.3400,24.4900,23.7500,23.8100,14712700
20160322,24.1300,24.3300,24.1000,24.1600,8961000
20160323,24.1700,24.2800,23.9600,24.0900,7740900
20160324,24.3300,24.3700,24.0000,24.1300,13475100
20160328,24.1200,24.3400,24.0800,24.2900,5699700
20160329,24.1000,24.1100,23.3600,23.7000,13859700
20160330,24.0400,24.5700,24.0100,24.0600,11125700
20160331,23.8600,24.1500,23.8000,24.1300,14866600
20160401,23.8800,24.3800,23.6700,24.3700,11167900
20160404,24.0300,24.1800,23.4000,23.4000,12415900
20160405,24.3900,24.6700,23.6500,23.6900,16589800
20160406,25.4300,25.5200,24.3600,24.4500,21660500
20160407,24.1000,25.2800,23.9600,25.2800,20124400
20160408,24.0700,24.3800,23.8800,24.2100,8497400
20160411,24.0600,24.4400,24.0400,24.1700,7405100
20160412,24.4200,24.5500,24.0300,24.1900,8928000
20160413,25.0800,25.6000,24.5500,24.5800,17002200
20160414,25.2100,25.3200,24.9600,25.2900,7870500
20160415,25.2200,25.3300,25.0000,25.3100,6344600
20160418,25.3100,25.4700,24.8000,24.8000,5954700
20160419,24.3000,24.8800,24.0800,24.6500,20833700
20160420,24.6600,24.8600,24.2600,24.3000,8495100
20160421,24.6900,24.8700,24.6000,24.6300,8403900
20160422,24.4000,24.9700,24.3700,24.6100,10639600
20160425,24.2200,24.5400,24.1500,24.4000,16246800
20160426,24.4900,24.7200,24.1700,24.1700,18002700
20160427,25.2700,26.2100,25.1900,25.3300,29282900
20160428,24.6200,25.3400,24.5500,25.0900,13422100
20160429,24.4300,24.5800,24.0600,24.3700,20154900
20160502,24.2600,24.3900,24.0600,24.1800,10646100
20160503,23.9800,24.2500,23.8800,24.0700,9531500
20160504,23.8000,24.0400,23.7300,23.8200,8114500
20160505,23.8100,24.0500,23.7600,24.0200,7915400
20160506,23.8200,23.8400,23.5400,23.6700,7928400
20160509,24.0200,24.1400,23.7300,23.7900,7844700
20160510,24.1600,24.2200,23.9500,24.0400,8497400
20160511,23.7400,24.1800,23.7400,24.1200,7543900
20160512,23.5800,23.9200,23.5000,23.9100,10867900
20160513,23.7800,23.9300,23.6000,23.6500,8556700
20160516,23.8000,23.8800,23.6100,23.6800,5589400
20160517,23.2700,23.8000,23.1800,23.6400,9957800
20160518,23.6900,23.8500,23.2200,23.3100,8891000
20160519,23.4200,23.6700,23.2500,23.5900,5194100
20160520,23.6500,23.7600,23.3100,23.4400,6825000
20160523,23.4600,23.8200,23.3400,23.3800,5367000
20160524,24.0500,24.1800,23.6400,23.6400,8014000
20160525,24.0400,24.2000,23.8900,23.9100,7342900
20160526,24.1200,24.1300,23.8600,23.9800,5548900
20160527,24.3600,24.4000,24.1500,24.1700,8050500
20160531,24.4600,24.6200,24.2400,24.2900,11426400
20160601,24.0700,24.4400,24.0400,24.4300,7718000
20160602,24.2500,24.2700,23.8800,24.1500,10350100
20160603,23.9800,24.2500,23.7500,24.2100,6413600
20160606,23.9900,24.1000,23.8700,23.9800,7058900
20160607,24.2800,24.3600,24.1100,24.1300,9760100
20160608,24.2300,24.3400,24.1100,24.2500,7722400
20160609,24.3300,24.3800,24.0700,24.1900,7914800
20160610,24.0700,24.2700,23.9100,24.1600,7782000
20160613,23.8900,24.1300,23.8400,24.0200,8627500
20160614,23.8800,24.0100,23.6300,23.7900,9928000
20160615,23.9600,24.0800,23.7900,23.9900,9326800
20160616,23.8500,23.9600,23.4700,23.9400,9399200
20160617,23.7900,23.8900,23.5900,23.7400,13176600
20160620,24.5700,24.8700,24.2600,24.3400,14220700
20160621,24.7000,24.7700,24.4500,24.5400,7862300
20160622,24.3400,24.7500,24.3200,24.6200,6673700
20160623,24.8500,24.9500,24.6000,24.6900,9485400
20160624,23.1300,23.8900,22.8100,23.7700,24566100
20160627,22.7200,23.1200,22.3000,22.9500,12862200
20160628,22.9900,23.1100,22.7700,22.8900,11995600
20160629,23.3100,23.3800,23.0700,23.1800,9143400
20160630,23.4100,23.4700,23.2500,23.3600,9464700
20160701,23.7800,23.9500,23.4100,23.4300,9683400
20160705,23.7600,23.8200,23.4300,23.7100,8677200
20160706,23.8300,23.8500,23.3000,23.7100,9509900
20160707,23.9300,24.0000,23.7500,23.9200,10007200
20160708,24.6100,24.6600,23.9500,24.0200,7480200
20160711,24.8600,25.0200,24.6400,24.7400,8652400
20160712,25.1300,25.3400,24.9700,24.9700,9625300
20160713,25.1200,25.2700,24.9800,25.1200,5817800
20160714,26.0800,26.2600,25.4000,25.4500,23705900
20160715,26.3400,26.3400,25.9500,26.2000,17603900
20160718,26.4900,26.5600,26.1700,26.2300,12382100
20160719,26.5000,26.7200,26.3900,26.5900,17414500
20160720,26.9900,27.1400,26.4100,26.6100,27170100
20160721,29.9300,30.3100,28.7900,28.8700,44959100
20160722,30.4900,30.5600,29.7500,29.8100,20272000
20160725,30.6800,30.8600,30.2700,30.3100,17892900
20160726,31.4000,31.4100,30.5600,30.5600,13911700
20160727,31.3100,31.7900,31.1000,31.4400,11859600
20160728,31.1700,31.4900,31.0700,31.2800,8835500
20160729,31.1600,31.2400,30.9000,31.1200,8433200
20160801,31.2500,31.3900,31.1300,31.3000,13129900
20160802,30.7900,31.2100,30.6900,31.0700,11913500
20160803,30.9500,31.0400,30.7400,30.8000,7371100
20160804,31.0600,31.3100,30.8500,30.9400,7592700
20160805,31.3900,31.4500,31.1300,31.1500,7795600
20160808,31.1500,31.3800,30.9400,31.3800,9527600
20160809,31.1100,31.2400,30.9400,31.2200,7592100
20160810,31.1200,31.2500,30.9400,31.1100,6071000
20160811,31.2000,31.5000,31.0200,31.1900,5909100
20160812,30.8900,31.2700,30.8900,31.2200,11800200
20160815,31.0500,31.3100,30.6400,31.0000,7025700
20160816,30.8300,30.9800,30.5800,30.9000,6534000
20160817,30.6100,30.9000,30.4900,30.8800,6944000
