20150818,656.1300,664.0000,653.4600,661.9000,1456100
20150819,660.9000,667.0000,654.1900,656.6000,2131600
20150820,646.8300,662.9900,642.9000,655.4600,2855300
20150821,612.4800,640.0500,612.3300,639.7800,4265200
20150824,589.6100,599.3300,565.0500,573.0000,5770300
20150825,582.0600,617.4500,581.1100,614.9100,3538000
20150826,628.6200,631.7100,599.0500,610.3500,4235900
20150827,637.6100,643.5900,622.0000,639.4000,3491300
20150828,630.3800,636.8800,624.5600,632.8200,1978700
20150831,618.2500,635.8000,617.6800,627.5400,2176700
20150901,597.7900,612.8600,594.1000,602.3600,3702100
20150902,614.3400,614.3400,599.7100,605.5900,2575600
20150903,606.2500,619.7100,602.8210,617.0000,1759600
20150904,600.7000,603.4700,595.2500,600.0000,2089000
20150908,614.6600,616.3100,604.1200,612.4900,2279500
20150909,612.7200,626.5200,609.6000,621.2200,1702100
20150910,621.3500,624.1600,611.4300,613.1000,1905300
20150911,625.7700,625.7800,617.4200,619.7500,1373500
20150914,623.2400,625.8600,619.4300,625.7000,1702300
20150915,635.1400,638.7000,623.7800,626.7000,2084400
20150916,635.9800,637.9500,632.3200,635.4700,1286500
20150917,642.9000,650.9000,635.0200,637.7900,2274700
20150918,629.2500,640.0000,627.0200,636.7900,5133400
20150921,635.4400,636.4900,625.9400,634.4000,1788500
20150922,622.6900,627.5500,615.4300,627.0000,2562900
20150923,622.3600,628.9300,620.0000,622.0500,1470900
20150924,625.8000,627.3200,612.4000,616.6400,2240100
20150925,611.9700,629.7700,611.0000,629.7700,2174000
20150928,594.8900,614.6050,589.3800,610.3400,3127700
20150929,594.9700,605.0000,590.2200,597.2800,2309500
20150930,608.4200,608.7600,600.7300,603.2800,2413400
20151001,611.2900,612.0900,599.8500,608.3700,1867600
20151002,626.9100,627.3400,603.1300,607.2000,2684800
20151005,641.4700,643.0100,627.0000,632.0000,1803600
20151006,645.4400,649.2500,636.5300,638.8400,2166300
20151007,642.3600,650.6090,632.1500,649.2400,2092700
20151008,639.1600,644.4500,625.5600,641.3600,2182100
20151009,643.6100,645.9900,635.3180,640.0000,1648700
20151012,646.6700,648.5000,639.0100,642.0900,1275200
20151013,652.3000,657.8120,643.1500,643.1500,1807700
20151014,651.1600,659.3900,648.8500,653.2100,1415500
20151015,661.7400,663.1300,654.4600,654.6600,1885700
20151016,662.2000,664.9700,657.2000,664.1100,1611100
20151019,666.1000,666.8200,659.5800,661.1800,1477300
20151020,650.2800,664.7200,644.1950,664.0400,2490000
20151021,642.6100,655.8700,641.7300,654.1500,1791100
20151022,651.7900,657.8000,644.0100,646.7000,4071000
20151023,702.0000,730.0000,701.5000,727.5000,6653900
20151026,712.7800,719.1500,701.2600,701.5500,2716600
20151027,708.4900,713.6200,704.5500,707.3800,2245800
20151028,712.9500,712.9800,703.0800,707.3300,2178900
20151029,716.9200,718.2600,710.0100,710.5000,1456000
20151030,710.8100,718.0000,710.0500,715.7300,1908800
20151102,721.1100,721.6200,705.8500,711.0600,1886300
20151103,722.1600,724.6500,714.7200,718.8600,1565400
20151104,728.1100,733.1000,721.9000,722.0000,1706700
20151105,731.2500,739.4800,729.4700,729.4700,1861600
20151106,733.7600,735.4100,727.0100,731.5000,1511600
20151109,724.8900,734.7100,719.4300,730.2000,2069800
20151110,728.3200,730.5900,718.5000,724.4000,1608000
20151111,735.4000,741.0000,730.2300,732.4600,1366400
20151112,731.2300,737.8000,728.6450,731.0000,1837200
20151113,717.0000,731.1500,716.7300,729.1700,2075500
20151116,728.9600,729.4900,711.3300,715.6000,1905900
20151117,725.3000,731.8450,723.0270,729.2900,1510900
20151118,740.0000,741.4100,727.0000,727.5800,1684300
20151119,738.4100,742.0000,737.4300,738.7400,1327100
20151120,756.6000,757.9200,743.0000,746.5300,2212300
20151123,755.9800,762.7080,751.8200,757.4500,1414500
20151124,748.2800,755.2790,737.6300,752.0000,2333100
20151125,748.1500,752.0000,746.0600,748.1400,1122100
20151127,750.2600,753.4100,747.4900,748.4600,838500
20151130,742.6000,754.9300,741.2700,748.8100,2097600
20151201,767.0400,768.9500,746.7000,747.1100,2134600
20151202,762.3800,775.9550,758.9600,768.9000,2230400
20151203,752.5400,768.9950,745.6300,766.0100,2590600
20151204,766.8100,768.4900,750.0000,753.1000,2757300
20151207,763.2500,768.7300,755.0900,767.7700,1812300
20151208,762.3700,764.8000,754.2000,757.8900,1829500
20151209,751.6100,764.2300,737.0010,759.1700,2700000
20151210,749.4600,755.8500,743.8300,752.8500,1984900
20151211,738.8700,745.7100,736.7500,741.1600,2224400
20151214,747.7700,748.7300,724.1700,741.7900,2412500
20151215,743.4000,758.0800,743.0100,753.0000,2666200
20151216,758.0900,760.5900,739.4350,750.0000,1993300
20151217,749.4300,762.6800,749.0000,762.4200,1553400
20151218,739.3100,754.1300,738.1500,746.5100,3148700
20151221,747.7700,750.0000,740.0000,746.1300,1525700
20151222,750.0000,754.8500,745.5300,751.6500,1365400
20151223,750.3100,754.2100,744.0000,753.4700,1565900
20151224,748.4000,751.3500,746.6200,749.5500,527200
20151228,762.5100,762.9900,749.5200,752.9200,1515300
20151229,776.6000,779.9800,766.4300,766.6900,1765000
20151230,771.0000,777.6000,766.9000,776.6000,1293300
20151231,758.8800,769.5000,758.3400,769.5000,1489600
20160104,741.8400,744.0600,731.2580,743.0000,3272800
20160105,742.5800,752.0000,738.6400,746.4500,1950700
20160106,743.6200,747.1800,728.9200,730.0000,1947000
20160107,726.3900,738.5000,719.0600,730.3100,2963700
20160108,714.4700,733.2300,713.0000,731.4500,2450900
20160111,716.0300,718.8550,703.5400,716.6100,2090600
20160112,726.0700,728.7500,717.3170,721.6800,2024500
20160113,700.5600,734.7400,698.6100,730.8500,2501700
20160114,714.7200,721.9250,689.1000,705.3800,2225800
20160115,694.4500,706.7400,685.3700,692.2900,3592400
20160119,701.7900,709.9800,693.4100,703.3000,2268100
20160120,698.4500,706.8500,673.2600,688.6100,3445000
20160121,706.5900,719.1900,694.4600,702.1800,2412200
20160122,725.2500,728.1300,720.1210,723.6000,2011800
20160125,711.6700,729.6800,710.0100,723.5800,1711700
20160126,713.0400,718.2800,706.4800,713.8500,1331700
20160127,699.9900,718.2350,694.3900,713.6700,2194200
20160128,730.9600,733.6900,712.3500,722.2200,2676400
20160129,742.9500,744.9900,726.8000,731.5300,3474300
20160201,752.0000,757.8600,743.2700,750.4600,5139200
20160202,764.6500,789.8700,764.6500,784.5000,6348100
20160203,726.9500,774.5000,720.5000,770.2200,6171000
20160204,708.0100,727.0000,701.8600,722.8100,5168700
20160205,683.5700,703.9900,680.1500,703.8700,5105700
20160208,682.7400,684.0300,663.0600,667.8500,4247400
20160209,678.1100,699.9000,668.7700,672.3200,3608900
20160210,684.1200,701.3100,682.1300,686.8600,2638000
20160211,683.1100,689.3500,668.8680,675.0000,3024000
20160212,682.4000,693.7500,678.6000,690.2600,2141400
20160216,691.0000,698.0000,685.0500,692.9800,2520000
20160217,708.4000,709.7500,691.3800,698.0900,2492600
20160218,697.3500,712.3500,696.0300,710.0000,1883200
20160219,700.9100,703.0810,694.0500,695.0300,1589300
20160222,706.4600,713.2400,702.5100,707.4500,1949800
20160223,695.8500,708.4000,693.5800,701.4500,2009300
20160224,699.5600,700.0000,680.7800,688.9200,1963600
20160225,705.7500,705.9800,690.5850,700.0100,1642200
20160226,705.0700,713.4300,700.8600,708.5800,2243500
20160229,697.7700,710.8900,697.6800,700.3200,2481100
20160301,718.8100,718.8100,699.7700,703.6200,2151400
20160302,718.8500,720.0000,712.0000,719.0000,1629000
20160303,712.4200,719.4500,706.0200,718.6800,1958000
20160304,710.8900,716.4900,706.0200,714.9900,1972100
20160307,695.1600,708.0910,686.9000,706.9000,2985100
20160308,693.9700,703.7900,685.3400,688.5900,2076300
20160309,705.2400,705.6800,694.0000,698.4700,1421500
20160310,712.8200,716.4400,703.3600,708.1200,2833500
20160311,726.8200,726.9200,717.1250,720.0000,1970800
20160314,730.4900,735.5000,725.1500,726.8100,1718300
20160315,728.3300,732.2900,724.7700,726.9200,1721000
20160316,736.0900,737.4700,724.5100,726.3700,1624400
20160317,737.7800,743.0700,736.0000,736.4500,1860800
20160318,737.6000,742.0000,731.8300,741.8600,2980700
20160321,742.0900,742.5000,733.5160,736.5000,1836500
20160322,740.7500,745.0000,737.4600,737.4600,1269700
20160323,738.0600,745.7200,736.1500,742.3600,1432100
20160324,735.3000,737.7470,731.0000,732.0100,1594900
20160328,733.5300,738.9900,732.5000,736.7900,1301300
20160329,744.7700,747.2500,728.7600,734.5900,1903800
20160330,750.5300,757.8800,748.7400,750.1000,1782400
20160331,744.9500,750.8500,740.9400,749.2500,1718800
20160401,749.9100,750.3400,737.0000,738.6000,1576700
20160404,745.2900,752.8000,742.4300,750.0600,1134200
20160405,737.8000,742.8000,735.3700,738.0000,1132300
20160406,745.6900,746.2400,735.5600,735.7700,1053700
20160407,740.2800,747.0000,736.2800,745.3700,1453200
20160408,739.1500,745.4500,735.5500,743.9700,1290800
20160411,736.1000,745.0000,736.0500,743.0200,1220100
20160412,743.0900,743.8300,731.0100,738.0000,1353000
20160413,751.7200,754.3800,744.2610,749.1600,1707100
20160414,753.2000,757.3100,752.7050,754.0100,1135300
20160415,759.0000,761.0000,752.6940,753.9800,1809300
20160418,766.6100,768.0500,757.3000,760.4600,1558800
20160419,753.9300,769.9000,749.3300,769.5100,2030500
20160420,752.6700,758.1320,750.0100,758.0000,1529200
20160421,759.1400,760.4500,749.5500,755.3800,3060500
20160422,718.7700,736.1200,713.6100,726.3000,5951900
20160425,723.1500,723.9300,715.5900,716.1000,1959200
20160426,708.1400,725.7660,703.0260,725.4200,2744600
20160427,705.8400,708.9800,692.3650,707.2900,3098600
20160428,691.0200,714.1700,689.5500,708.2600,2867300
20160429,693.0100,697.6200,689.0000,690.7000,2487700
20160502,698.2100,700.6400,691.0000,697.6300,1645300
20160503,692.3600,697.8400,692.0000,696.8700,1543800
20160504,695.7000,699.7500,689.0100,690.4900,1688600
20160505,701.4300,702.3200,695.7200,697.7000,1683500
20160506,711.1200,711.8600,698.1070,698.3800,1829300
20160509,712.9000,718.7100,710.0000,712.0000,1510300
20160510,723.1800,723.5000,715.7200,716.7500,1569600
20160511,715.2900,724.4800,712.8000,723.4100,1692100
20160512,713.3100,719.2500,709.0000,717.0600,1360700
20160513,710.8300,716.6620,709.2600,711.9300,1314500
20160516,716.4900,718.4800,705.6500,709.1300,1317100
20160517,706.2300,721.5200,704.1100,715.9900,2001200
20160518,706.6300,711.6000,700.6300,703.6700,1766800
20160519,700.3200,706.0000,696.8000,702.3600,1670200
20160520,709.7400,714.5800,700.5200,701.6200,1828400
20160523,704.2400,711.4780,704.1800,706.5300,1330700
20160524,720.0900,720.9700,706.8600,706.8600,1929500
20160525,725.2700,727.5100,719.7050,720.7600,1629200
20160526,724.1200,728.3300,720.2800,722.8700,1576300
20160527,732.6600,733.9360,724.0000,724.0100,1975000
20160531,735.7200,739.7300,731.2600,731.7400,2129500
20160601,734.1500,737.2100,730.6600,734.5300,1253600
20160602,730.4000,733.0200,724.1700,732.5000,1341800
20160603,722.3400,729.4900,720.5600,729.2700,1226300
20160606,716.5500,724.9100,714.6100,724.9100,1565300
20160607,716.6500,721.9800,716.5500,719.8400,1336200
20160608,728.2800,728.5700,720.5800,723.9600,1583700
20160609,728.5800,729.5400,722.3360,722.8700,988900
20160610,719.4100,725.8900,716.4300,719.4700,1216400
20160613,718.3600,725.4400,716.5100,716.5100,1258900
20160614,718.2700,722.4700,713.1200,716.4800,1306100
20160615,718.9200,722.9800,717.3100,719.0000,1214500
20160616,710.3600,716.6500,703.2600,714.9100,1982500
20160617,691.7200,708.8200,688.4520,708.6500,3402400
20160620,693.7100,702.4800,693.4100,698.7700,2082500
20160621,695.9400,702.7700,692.0100,698.4000,1465600
20160622,697.4600,700.8600,693.0820,699.0600,1184300
20160623,701.8700,701.9500,687.0000,697.4500,2171400
20160624,675.2200,689.4000,673.4500,675.1700,4449000
20160627,668.2600,672.3000,663.2840,671.0000,2629000
20160628,680.0400,680.3300,673.0000,678.9700,2173800
20160629,684.1100,687.4290,681.4100,683.0000,1932600
20160630,692.1000,692.3200,683.6500,685.4700,1597700
20160701,699.2100,700.6500,692.1300,692.2000,1344700
20160705,694.9500,696.9400,688.8800,696.0600,1462600
20160706,697.7700,701.6800,689.0900,689.9800,1411900
20160707,695.3600,698.2000,688.2150,698.0800,1304200
20160708,705.6300,705.7100,696.4350,699.5000,1575200
20160711,715.0900,716.5100,707.2400,708.0500,1111800
20160712,720.6400,722.9400,715.9100,719.1200,1336900
20160713,716.9800,724.0000,716.8500,723.6200,935900
20160714,720.9500,722.2100,718.0300,721.5800,950200
20160715,719.8500,725.7400,719.0550,725.7300,1279300
20160718,733.7800,736.1300,721.1900,722.7100,1295500
20160719,736.9600,736.9900,729.0000,729.8900,1227500
20160720,741.1900,742.1300,737.1000,737.3300,1289700
20160721,738.6300,741.6900,735.8310,740.3600,1026300
20160722,742.7400,743.2400,736.5600,741.8600,1259800
20160725,739.7700,742.6100,737.5000,740.6700,1032400
20160726,738.4200,741.6900,734.2700,739.0400,1186700
20160727,741.7700,744.4600,737.0000,738.2800,1512500
20160728,745.9100,748.6500,739.3000,747.0400,3530200
20160729,768.7900,778.5500,766.7700,772.7100,3841500
20160801,772.8800,780.4300,761.0900,761.0900,2700500
20160802,771.0700,775.8400,767.8500,768.6900,1784500
20160803,773.1800,773.2100,766.8200,767.1800,1287400
20160804,771.6100,774.0700,768.7950,772.2200,1140300
20160805,782.2200,783.0400,772.3400,773.7800,1801200
20160808,781.7600,782.6300,778.0910,782.0000,1107900
20160809,784.2600,788.9400,780.5700,781.1000,1175400
20160810,784.6800,786.8120,782.7780,783.7500,784500
20160811,784.8500,789.7500,782.9700,785.0000,971100
20160812,783.2200,783.3950,780.4000,781.5000,738300
20160815,782.4400,787.4900,780.1100,783.7500,936600
20160816,777.1400,780.9800,773.4440,780.3000,1027100
