20150818,57.4900,58.7200,56.8400,58.0900,3999900
20150819,54.6700,56.9600,54.3550,56.7600,6931600
20150820,50.6000,53.7000,50.5300,53.2200,8839700
20150821,48.3900,50.8400,48.0500,48.4500,8724500
20150824,47.8600,47.8600,42.7500,43.3000,12340900
20150825,47.0300,51.6500,46.9700,51.4100,8670000
20150826,46.2800,48.9500,43.8800,48.2800,11537200
20150827,47.7600,49.4600,46.8500,47.8500,8483900
20150828,48.1800,49.4900,47.0600,47.2100,5337500
20150831,46.5900,48.3800,46.3470,47.5700,5200800
20150901,43.6900,44.0500,42.0900,43.6000,15897800
20150902,41.2800,41.3700,39.0400,40.6700,19379900
20150903,38.6500,41.7400,38.6100,40.8800,11260900
20150904,36.8300,39.3100,36.7500,38.1300,14255800
20150908,37.5000,38.0900,36.3800,37.8200,11942600
20150909,33.6500,38.1500,33.3400,38.0400,19289900
20150910,33.8800,34.9300,33.7500,33.8600,13764900
20150911,32.4200,33.9500,31.3220,33.5000,16583800
20150914,32.8800,34.5800,32.6200,32.9000,17324800
20150915,33.5700,34.1000,32.7400,33.6800,10278900
20150916,35.7300,35.8200,33.5350,33.9500,14501300
20150917,36.3200,37.2500,35.2300,35.3200,13632700
20150918,35.1500,35.8900,34.3900,35.7300,13075200
20150921,32.2700,33.9800,32.0000,33.6800,14611700
20150922,33.3100,33.7500,30.5500,31.3800,14515400
20150923,32.6400,33.6500,32.2200,33.4500,8442800
20150924,33.9200,34.0200,32.2600,32.5200,7620500
20150925,32.3100,35.0000,32.1400,34.6900,8292000
20150928,29.6700,32.1500,29.6200,32.0000,9772000
20150929,29.8600,30.9700,28.9000,29.8500,8871200
20150930,31.2200,31.5000,29.9000,30.3000,6619200
20151001,30.0700,31.4900,29.7500,31.0200,6885400
20151002,30.4400,30.6000,28.9100,29.4000,10697100
20151005,30.2600,30.9300,29.4800,30.5600,8285100
20151006,30.6500,31.9500,29.7800,30.4500,8715000
20151007,29.3300,30.7500,27.5200,29.9900,18629600
20151008,27.6000,29.0100,27.0650,28.9600,18023200
20151009,29.0800,30.2000,27.9500,28.2300,18093200
20151012,28.4600,29.3000,27.8600,29.1000,7137500
20151013,27.9700,28.6900,27.9000,27.9400,4659000
20151014,28.0900,28.4550,26.6800,27.2900,8027400
20151015,28.5400,29.2800,28.0100,28.0300,6737500
20151016,28.5200,28.7800,27.8300,28.2700,5170900
20151019,29.6400,30.3000,28.0760,28.5000,8393800
20151020,30.3100,31.3300,29.8700,30.1400,9052500
20151021,29.0600,30.6000,28.8300,30.5200,6156500
20151022,28.7200,30.0800,28.5000,29.2500,5843500
20151023,29.1500,29.7000,28.8100,29.6500,5692100
20151026,28.7900,29.4200,28.5800,29.1100,4799100
20151027,28.2300,29.0500,27.9900,29.0400,6386600
20151028,30.2100,30.6700,28.4200,28.6200,24816500
20151029,25.6200,26.3500,24.9500,25.0200,41419100
20151030,25.0000,25.9400,24.9900,25.9400,10112400
20151102,25.5500,25.9300,24.3000,25.1200,8777200
20151103,25.0200,25.7500,24.8400,25.7500,9473400
20151104,25.3800,25.8100,25.0700,25.0700,6024800
20151105,24.8100,25.5500,24.6200,25.4000,6355700
20151106,25.1300,25.2400,24.5000,24.8100,4358700
20151109,25.9200,26.1200,25.1300,25.1500,6693200
20151110,25.0200,25.9900,24.8200,25.9000,4741400
20151111,25.1000,25.3800,24.7600,25.0200,3518600
20151112,23.1500,24.8980,23.1000,24.8800,9106900
20151113,21.1600,22.9500,20.7600,22.8700,11115300
20151116,21.6200,21.7900,20.8500,21.0900,4709800
20151117,20.8700,21.8900,20.7700,21.7500,4838900
20151118,19.8100,19.9800,18.8600,19.8700,17129700
20151119,19.9300,20.3300,19.4500,19.9500,5075300
20151120,20.4500,20.5400,19.7100,20.0000,5561500
20151123,18.9900,20.2400,18.8000,20.2000,11300500
20151124,19.3200,19.5000,18.7500,18.8000,7775900
20151125,20.0000,20.4700,19.2100,19.3000,5734600
20151127,20.2800,20.9400,19.8500,20.1500,4470800
20151130,20.4000,20.8300,20.2300,20.3800,4654100
20151201,20.1300,20.6000,19.6400,20.4600,5590300
20151202,20.0900,20.3900,19.8500,20.1300,3375800
20151203,18.9300,20.1000,18.8800,19.7200,7235900
20151204,18.0000,18.6400,17.5500,17.9600,11394200
20151207,17.5100,18.0900,17.2400,17.7700,6039500
20151208,17.5800,18.1100,17.2500,17.2600,4939000
20151209,16.8900,17.9500,16.7700,17.6700,8189000
20151210,18.8300,19.6400,17.1700,17.2500,18708000
20151211,19.1500,19.4700,17.9000,18.7300,13078600
20151214,17.3100,17.9800,15.9000,17.9200,21047500
20151215,17.9100,18.0900,16.7050,17.2600,8491600
20151216,18.8200,19.2000,17.8800,18.1000,7061700
20151217,17.9500,19.8900,17.9100,19.0000,8159800
20151218,19.5000,19.7000,17.7600,17.9400,7903800
20151221,18.1000,19.5000,18.0000,19.1400,8183100
20151222,18.3400,18.9500,18.1000,18.3300,6303000
20151223,18.2700,18.8500,18.2000,18.4200,4376200
20151224,18.2200,18.4400,18.1400,18.2900,1976300
20151228,17.9200,18.9800,17.8400,18.3600,6027100
20151229,18.2800,18.4400,17.6000,18.2200,5118700
20151230,18.4000,18.5800,18.0100,18.1200,4382500
20151231,18.0100,18.5500,17.8600,18.2700,5155800
20160104,18.6900,19.6500,17.5000,17.5700,10436100
20160105,18.4900,20.5000,18.2500,20.0500,16303300
20160106,18.4100,19.0000,18.0500,18.1800,6513500
20160107,17.0000,18.2000,16.7500,17.8900,10116700
20160108,16.1900,17.6600,16.1310,17.5900,7661900
20160111,15.2600,16.4400,14.5700,16.4300,12620600
20160112,14.6000,15.7000,14.3600,15.6900,7416700
20160113,14.6100,14.9800,14.3240,14.7300,9743800
20160114,12.4800,12.8200,11.2600,11.4800,31587600
20160115,11.4600,12.3200,11.2300,11.7300,10678500
20160119,10.5700,11.7700,10.2600,11.6800,11886800
20160120,11.0000,11.0800,9.9000,10.1800,10318100
20160121,10.6800,11.3900,10.3200,11.0000,6733200
20160122,10.8300,11.2700,10.6900,11.0300,4864500
20160125,10.5900,11.3300,10.5800,10.7400,4193800
20160126,10.8800,10.9600,10.3800,10.6400,5801200
20160127,10.6100,11.1000,10.5000,11.0300,4863600
20160128,10.5700,11.0000,10.4800,10.8000,4013100
20160129,11.4500,11.7500,10.5600,10.5600,6614500
20160201,11.0600,11.1800,10.5200,11.1300,7319000
20160202,10.2400,10.9100,10.1800,10.9000,6305200
20160203,10.7100,10.8000,10.0300,10.2800,13551400
20160204,9.7800,10.2000,9.0100,9.1300,21150300
20160205,9.9600,10.6800,9.6000,9.7400,8990600
20160208,10.9900,11.6900,10.0100,10.3200,15246800
20160209,11.3900,11.6500,10.5400,10.6500,10144900
20160210,10.5900,11.6300,10.5400,11.5000,8913900
20160211,10.1700,10.7100,9.9500,10.3700,4499800
20160212,10.3100,10.5600,10.1200,10.3000,4000000
20160216,11.5900,11.7000,10.3200,10.5200,8913100
20160217,12.9900,13.0500,11.3000,11.3800,11718500
20160218,12.3900,13.4200,12.1300,13.1700,7987600
20160219,12.3800,12.7200,12.0400,12.3200,4965600
20160222,12.8600,12.9530,12.3800,12.7400,6261600
20160223,12.1100,12.8300,12.0000,12.8000,5490200
20160224,11.7500,11.8600,11.2600,11.7700,5020400
20160225,11.3400,12.0000,11.0100,11.6900,7064100
20160226,12.3000,12.7500,11.3400,11.4700,9529900
20160229,11.8800,12.4500,11.7600,12.3300,5826400
20160301,11.8900,12.3200,11.6500,12.0600,7732000
20160302,13.0200,13.2400,11.9500,12.0300,8861100
20160303,13.5800,14.1000,12.7600,13.1000,10986000
20160304,13.3600,14.8400,13.1000,13.3400,14102400
20160307,13.8800,14.0750,13.2300,13.5000,9565100
20160308,12.4100,13.7000,12.3750,13.7000,10756600
20160309,12.2800,12.7000,12.1000,12.7000,4907100
20160310,12.1800,12.6200,11.9000,12.4200,5813500
20160311,12.6000,12.9800,12.1300,12.3200,6948200
20160314,12.2700,12.6000,12.1400,12.5200,5480000
20160315,11.7000,12.2400,11.5500,12.2100,6310700
20160316,12.3100,12.4700,11.6600,11.7100,6304800
20160317,12.9500,13.1900,12.2400,12.3000,6603100
20160318,12.8800,13.6100,12.7200,13.1400,6224300
20160321,13.0700,13.1900,12.6300,12.7500,3356800
20160322,12.9700,13.1700,12.7900,12.9900,3339300
20160323,12.2700,13.1100,12.2300,12.9700,4407500
20160324,12.4200,12.4800,11.9200,12.2000,2834000
20160328,11.5000,12.5000,11.4900,12.4300,6918800
20160329,11.6500,11.7600,11.0800,11.4600,7289900
20160330,12.1600,12.3700,11.7000,11.7900,6099000
20160331,11.9600,12.2130,11.8400,12.2000,4372200
20160401,11.7400,11.9900,11.6100,11.8100,3899000
20160404,12.0300,12.3700,11.6700,11.7700,5288200
20160405,11.6500,12.0400,11.6210,11.9300,4048000
20160406,12.1200,12.1600,11.6300,11.7900,5983800
20160407,12.2900,12.4900,11.9000,11.9000,5312900
20160408,12.3200,12.7500,12.2500,12.3700,4660000
20160411,11.7700,12.5300,11.7400,12.3500,5344900
20160412,11.6800,12.0600,11.5800,11.9300,4851800
20160413,13.9000,14.0400,11.8500,12.0000,21039600
20160414,13.8000,14.3500,13.1100,14.1700,17303400
20160415,13.7700,14.3400,13.4100,13.5900,9264100
20160418,13.1300,13.6800,13.0400,13.6800,7017100
20160419,12.9500,13.3800,12.8200,13.2100,5428600
20160420,13.4400,13.7700,12.9000,13.0900,8377700
20160421,13.5600,13.8200,13.3200,13.5200,5355000
20160422,13.9800,14.1790,13.5000,13.5300,6612300
20160425,12.8200,13.8000,12.6700,13.7100,11089500
20160426,13.1800,13.2400,12.5300,12.8600,5310100
20160427,13.3000,13.4300,12.8000,12.9400,4672800
20160428,12.9400,13.3500,12.9100,13.2400,5111800
20160429,12.6400,13.1400,12.4100,13.0200,5395400
20160502,12.2300,12.6400,12.0000,12.5600,6276300
20160503,11.6500,12.1200,11.4500,12.1000,6227600
20160504,11.4000,11.7900,11.1700,11.5400,6156800
20160505,10.7100,11.5500,10.6700,11.3900,12398000
20160506,10.4600,10.6500,9.8100,9.9300,14540100
20160509,9.7800,10.6000,9.7500,10.4500,10693300
20160510,9.8200,9.9900,9.4300,9.8700,6623100
20160511,9.4600,9.8500,9.4100,9.8300,7687800
20160512,8.8200,9.5500,8.7900,9.5100,10039000
20160513,8.8800,9.4200,8.7600,8.8900,7739100
20160516,8.9300,9.2600,8.8000,9.0500,5758100
20160517,8.9900,9.2300,8.8500,8.9800,4361400
20160518,8.8000,9.1200,8.7700,8.9400,4798800
20160519,8.8500,8.9000,8.6200,8.7500,5955700
20160520,9.1500,9.2000,8.7500,8.9200,5928200
20160523,9.2600,9.6000,9.2000,9.2000,5698400
20160524,9.7100,10.0800,9.6300,9.9100,9519200
20160525,10.0800,10.1800,9.7100,9.8200,6070200
20160526,9.9800,10.2400,9.7700,10.2000,6191600
20160527,10.2000,10.2200,9.7200,9.9900,5138300
20160531,10.2700,10.5100,10.1000,10.2700,5931000
20160601,10.3200,10.3200,9.9200,10.1600,4875700
20160602,10.7200,10.7500,10.2300,10.2800,5079800
20160603,10.7200,11.0000,10.6600,11.0000,5973100
20160606,10.9200,11.0000,10.3900,10.7000,4564200
20160607,11.0700,11.1000,10.7500,10.9400,3850200
20160608,11.0600,11.2900,10.9100,11.1500,3941400
20160609,10.9000,10.9600,10.7700,10.8900,3198800
20160610,10.2600,10.7900,10.2400,10.7900,3959500
20160613,9.9700,10.3000,9.8500,9.9100,4395200
20160614,9.7100,10.0700,9.5300,9.8400,4451800
20160615,9.8200,10.2300,9.6400,9.8000,4891900
20160616,9.8400,9.8950,9.5100,9.6600,4415300
20160617,10.6500,10.8300,9.8700,9.8800,8843200
20160620,10.8500,11.4700,10.8000,10.8900,8239600
20160621,11.2000,11.2600,10.9500,11.0100,5898400
20160622,11.1000,11.4600,11.0300,11.2000,4121800
20160623,11.3200,11.4000,11.1500,11.2600,4479400
20160624,10.7800,11.0650,10.5000,10.5200,15050700
20160627,10.2100,10.8700,10.0100,10.6100,6833400
20160628,10.4800,10.8990,10.3000,10.5200,5261700
20160629,10.8100,10.9000,10.4310,10.6000,5284200
20160630,10.8100,10.8800,10.3200,10.7000,5661200
20160701,11.0500,11.1400,10.7700,10.8600,4190800
20160705,10.6500,10.9600,10.6000,10.9200,3083700
20160706,10.5900,10.6600,10.2500,10.3800,2966500
20160707,10.7700,11.1300,10.5200,10.5500,5765300
20160708,10.9700,11.2200,10.8500,10.9600,4454300
20160711,12.4300,12.4900,11.1000,11.1100,13488000
20160712,12.4600,12.6500,12.1900,12.5300,7082600
20160713,12.4300,13.4000,12.1400,12.8000,9434900
20160714,12.2800,12.7200,12.2400,12.6000,5361400
20160715,11.9000,12.4700,11.8500,12.3100,5174800
20160718,11.8500,12.0000,11.6500,11.9500,4384500
20160719,11.0100,11.9800,10.9850,11.9800,9468700
20160720,10.9000,11.1300,10.8800,11.0900,6044700
20160721,11.2300,11.4900,11.0300,11.0900,7211500
20160722,11.0800,11.5200,11.0600,11.3200,4989900
20160725,11.4100,11.5000,11.0570,11.1100,4933200
20160726,11.3200,11.5400,11.2500,11.4100,4094000
20160727,11.5700,11.8300,11.4200,11.4700,10651700
20160728,13.0200,13.2800,11.7540,12.1500,24145000
20160729,12.6400,12.8900,12.2300,12.8800,11407200
20160801,12.9400,13.3000,12.4700,12.5800,7627200
20160802,12.5500,13.3200,12.5300,12.9000,6741900
20160803,13.3000,13.5000,12.6100,12.7300,7598100
20160804,13.5300,13.8280,13.1910,13.5000,7028900
20160805,13.7700,14.1400,13.5900,13.5900,7028200
20160808,14.2900,14.8000,13.9610,14.0000,10105600
20160809,14.5400,14.8700,14.3900,14.6800,7253300
20160810,14.1400,14.6800,13.9300,14.6700,6777700
20160811,13.9700,14.3600,13.9600,14.3500,5197900
20160812,14.3000,14.3300,13.8280,14.0300,4973400
20160815,15.6100,16.2500,14.3000,14.3000,17228000
20160816,15.3900,16.0000,15.2500,15.7000,8848700
