20150818,16.3800,17.0000,16.2700,17.0000,32424300
20150819,15.9000,16.3500,15.8800,16.2400,36874000
20150820,14.7400,15.3700,14.6600,15.3500,54864200
20150821,14.5300,15.2500,14.2400,14.3900,43715800
20150824,14.4400,14.4400,13.5000,13.8100,54532000
20150825,14.2700,15.3400,14.2600,15.1800,38655100
20150826,14.4200,14.7500,14.1100,14.6100,43819700
20150827,15.6700,15.9300,14.6300,14.6300,42971800
20150828,15.9600,16.5400,15.6100,16.2500,34099400
20150831,16.4100,16.6800,15.4600,15.9100,32916900
20150901,15.8200,16.2100,15.6800,15.8000,27914200
20150902,16.2900,16.3100,15.7400,16.0900,23478500
20150903,16.5900,17.2100,16.2600,16.3900,26377200
20150904,16.8200,17.3000,16.2600,16.3000,32420800
20150908,17.5300,17.7500,17.0500,17.5500,26817000
20150909,16.9600,17.9700,16.8400,17.9000,32951100
20150910,17.2000,17.4200,16.7100,16.8100,20814300
20150911,16.8000,17.1700,16.7100,17.0200,22107600
20150914,16.7000,16.9200,16.3600,16.9000,15178700
20150915,16.5200,16.8600,16.4600,16.8600,21319400
20150916,16.6800,16.7000,16.3100,16.4600,22363200
20150917,16.4100,16.8100,16.3100,16.6800,22827600
20150918,15.5000,16.1900,15.3600,16.0800,36698200
20150921,15.7500,15.9800,15.4600,15.6200,19024500
20150922,15.4100,15.8200,15.1700,15.3500,22763900
20150923,14.8100,15.4300,14.8000,15.4300,22567900
20150924,15.3400,15.5200,14.6000,14.8000,32800800
20150925,14.9100,15.5900,14.6500,15.3400,28917300
20150928,14.0600,14.7300,13.9200,14.6700,30448600
20150929,14.3800,14.6900,14.1500,14.2600,25529200
20150930,14.9800,15.3300,14.7000,14.7300,28066300
20151001,14.7700,15.0400,14.5000,14.9900,37460500
20151002,15.9100,15.9500,15.1500,15.2200,49688200
20151005,17.5700,17.8400,16.2000,16.3200,63718700
20151006,18.2200,18.3000,17.3400,17.6300,52110000
20151007,18.6200,18.9200,18.2200,18.3900,41913500
20151008,18.7200,19.1000,18.4500,18.5900,33619600
20151009,18.1600,18.8500,17.9000,18.6300,23392500
20151012,18.0300,18.6300,17.7200,18.5400,22494700
20151013,18.1800,18.5600,17.7400,17.8100,21778500
20151014,18.8200,19.3000,18.5200,18.7700,34627900
20151015,18.6600,19.1500,18.5000,18.8700,20397700
20151016,18.5000,18.8300,18.2300,18.7400,15540400
20151019,19.1600,19.2200,18.3200,18.3700,27543300
20151020,17.0900,19.0500,16.6100,18.9000,67592496
20151021,16.4300,16.9300,15.9300,16.4900,48737400
20151022,16.7200,17.0100,16.0700,16.4000,33986100
20151023,17.2400,17.3200,16.8100,16.9000,22439400
20151026,16.5800,17.2500,16.5000,17.1600,14901400
20151027,16.6800,16.8000,16.5200,16.5200,14697600
20151028,16.9200,17.1100,16.5800,16.8000,15151700
20151029,16.2100,16.7400,16.1900,16.6900,17073800
20151030,16.5600,16.6200,16.2000,16.3800,19248400
20151102,17.0900,17.2900,16.8000,16.9600,18767100
20151103,17.8400,17.9900,17.0900,17.1000,22131500
20151104,17.4400,18.0500,17.1000,18.0500,19246900
20151105,16.5100,17.7200,16.3600,17.5200,26767000
20151106,16.4500,16.7700,16.1000,16.4400,18047800
20151109,15.8400,16.4500,15.8000,16.3600,23643000
20151110,15.5500,15.8500,15.4200,15.7400,24591700
20151111,15.5000,15.7900,15.4700,15.6400,16199800
20151112,15.3500,15.7500,15.2800,15.2800,14296800
20151113,15.0000,15.3800,14.8600,15.3000,21071200
20151116,14.8900,15.2000,14.6500,14.9500,23731800
20151117,15.2800,15.7300,14.9400,15.0300,25249600
20151118,15.6100,15.6900,15.3000,15.3900,20071300
20151119,15.8700,16.2800,15.7100,15.7100,18278900
20151120,15.4300,16.1000,15.3400,16.0000,24068900
20151123,15.3200,15.6700,15.0700,15.5400,14049000
20151124,15.6300,15.6600,15.1500,15.2200,12222500
20151125,15.5800,15.7800,15.3500,15.4000,10003300
20151127,15.5600,15.6400,15.4700,15.5500,5019000
20151130,15.9300,16.0100,15.5000,15.5900,13495300
20151201,16.5500,16.6300,16.1200,16.1800,20138300
20151202,15.8200,16.5900,15.7200,16.4900,16121100
20151203,15.6100,16.2000,15.5000,15.9500,15210100
20151204,15.5000,15.9300,15.4000,15.5400,19068500
20151207,14.8500,15.4700,14.7100,15.3500,23579100
20151208,14.6000,14.7000,14.4200,14.6100,18188000
20151209,14.3200,14.6700,14.2400,14.6000,20917100
20151210,14.6600,14.8000,14.2600,14.2900,14817000
20151211,14.0400,14.4400,13.9900,14.3200,23718100
20151214,13.6600,14.4800,13.5100,14.4300,35155800
20151215,14.1800,14.3700,13.7400,13.7700,26395400
20151216,14.0700,14.4500,13.7800,14.3600,21968200
20151217,14.3200,14.7700,14.2500,14.6500,29024400
20151218,14.3600,14.7300,14.2600,14.3800,38534200
20151221,14.7700,14.7900,14.3300,14.4400,22217300
20151222,14.6100,14.9500,14.5200,14.8000,27101100
20151223,14.3000,14.3000,13.5500,13.7200,59121400
20151224,14.4800,14.5900,14.1900,14.2000,14285500
20151228,14.1900,14.5100,14.0500,14.4500,17658500
20151229,14.3400,14.5100,14.2300,14.3500,16104200
20151230,14.1600,14.4400,14.1000,14.2700,10943700
20151231,14.1600,14.2900,14.0300,14.1000,13249400
20160104,14.3300,14.3600,13.8100,13.8300,22622300
20160105,14.8200,15.0800,14.3600,14.4200,29806700
20160106,14.2200,14.6900,14.1100,14.5000,26835100
20160107,13.6600,14.2700,13.6300,13.8600,26029200
20160108,13.3300,13.9500,13.2900,13.7800,29064200
20160111,12.5300,13.4600,12.2100,13.3700,43159100
20160112,12.7200,13.2400,12.4000,12.7200,25671300
20160113,12.0600,12.9700,11.9100,12.7800,35319800
20160114,12.0200,12.2600,11.5300,12.0800,35810400
20160115,11.0800,11.6600,10.9100,11.3500,37164600
20160119,10.8000,11.3700,10.7100,11.2800,38131300
20160120,10.0500,10.3900,9.3100,10.3800,65210400
20160121,10.8500,10.9000,10.1300,10.4500,52299100
20160122,11.0700,11.5700,10.8800,11.1800,35091300
20160125,10.4800,11.1700,10.4700,11.0600,23874800
20160126,10.5500,10.7200,10.3600,10.5500,26179500
20160127,10.3900,10.8300,10.3200,10.5000,23013500
20160128,9.8900,10.5500,9.7100,10.4800,37390400
20160129,11.0300,11.0500,9.9400,9.9900,38448100
20160201,10.9600,11.1000,10.5100,11.0000,25824800
20160202,10.5900,11.0700,10.4800,10.8000,22090300
20160203,10.7600,10.8600,10.1800,10.6700,18098100
20160204,11.2300,11.5500,10.7000,10.7100,26164100
20160205,11.0000,11.3800,10.7600,11.1500,22658100
20160208,10.1700,10.7600,9.9400,10.7100,27424400
20160209,9.9800,10.3400,9.7500,10.0100,30178600
20160210,9.9000,10.2800,9.8200,10.0800,22090500
20160211,9.6900,9.9500,9.4500,9.7200,27105700
20160212,10.0200,10.2400,9.4800,9.8800,23857000
20160216,10.8100,10.8700,10.3100,10.3600,27494100
20160217,11.4300,11.6500,10.9200,10.9700,34404700
20160218,11.4900,11.7500,11.3200,11.5700,21616100
20160219,11.1600,11.3900,10.9500,11.3900,17907100
20160222,11.0500,11.4400,10.9000,11.3700,20001700
20160223,10.4900,11.0800,10.3900,11.0000,22686800
20160224,10.6400,10.6700,10.0600,10.2500,18551800
20160225,10.7200,10.7400,10.2100,10.6700,16153900
20160226,10.7000,11.0000,10.5700,10.7900,16418800
20160229,10.6300,10.8900,10.5200,10.6500,20720000
20160301,11.0700,11.1000,10.5900,10.7700,15638700
20160302,11.6800,11.6900,10.9700,11.0100,18197500
20160303,11.7900,11.8500,11.6000,11.7300,16323300
20160304,11.8800,12.2900,11.6000,11.8000,35279500
20160307,11.5800,11.7800,11.0500,11.4600,27748800
20160308,10.6600,11.4500,10.6500,11.4400,29648400
20160309,10.8100,10.9100,10.5300,10.7600,15133800
20160310,10.8800,11.0600,10.6600,10.9500,17770400
20160311,11.3900,11.4000,10.8500,10.9900,17261200
20160314,11.1500,11.3400,11.0100,11.3400,13531300
20160315,10.8500,11.1500,10.7200,11.1500,15156500
20160316,10.7200,10.8900,10.5500,10.7100,20471800
20160317,10.8700,11.0000,10.6000,10.7200,19976800
20160318,11.1400,11.1700,10.7500,10.8400,44827100
20160321,11.5300,11.6000,11.0800,11.1400,18083000
20160322,11.4400,11.6000,11.3300,11.4500,13463400
20160323,10.6500,11.4600,10.6300,11.4300,29424300
20160324,10.5000,10.6000,10.3300,10.5000,22822800
20160328,10.3800,10.5900,10.2500,10.5000,22898800
20160329,10.4500,10.5300,10.1000,10.1800,30891600
20160330,10.4800,10.9500,10.4000,10.5100,35166700
20160331,10.4700,10.4900,10.0100,10.3100,48134200
20160401,11.0300,11.0700,10.2400,10.2800,28458300
20160404,10.8000,11.2200,10.7800,11.0600,22475200
20160405,10.4000,10.7200,10.3800,10.6300,20760300
20160406,10.4700,10.4800,10.2500,10.4200,18413000
20160407,10.5100,10.6500,10.3900,10.4200,19470200
20160408,10.7200,10.8900,10.5700,10.6400,18950000
20160411,10.4500,10.9200,10.4400,10.7500,18258000
20160412,10.1700,10.5400,10.0500,10.5100,25679600
20160413,10.8800,10.9000,10.2000,10.3000,26108900
20160414,10.4000,10.7900,10.3900,10.7900,17778100
20160415,10.6900,10.7800,10.4600,10.7300,25325200
20160418,10.8900,11.1000,10.5600,10.6300,26372800
20160419,10.7200,11.0800,10.6000,11.0800,21005700
20160420,10.7500,10.7700,10.5000,10.6300,19268600
20160421,10.6500,10.8900,10.6000,10.8000,15629500
20160422,10.6600,10.8100,10.5000,10.6600,18715200
20160425,10.5500,10.8800,10.4800,10.6700,22500000
20160426,11.5100,11.6500,10.7100,10.8200,47098100
20160427,11.5600,11.6100,11.2000,11.3400,24353400
20160428,11.6200,12.4100,11.5200,11.5300,41186400
20160429,10.7500,11.6900,10.6500,11.6300,40162100
20160502,10.6200,10.8600,10.4300,10.8000,23794800
20160503,10.3600,10.6200,10.2500,10.4900,27847600
20160504,10.0000,10.4900,9.8000,10.2500,40867200
20160505,10.0600,10.4000,10.0100,10.0600,26456300
20160506,9.9900,10.2100,9.8500,9.9800,20963300
20160509,9.8700,10.0700,9.7600,10.0000,20476700
20160510,10.0900,10.1100,9.8400,9.9400,19608200
20160511,10.1000,10.3300,10.0100,10.0200,17808400
20160512,9.6300,10.2600,9.3500,10.1500,41066600
20160513,9.5600,9.7900,9.4100,9.6600,21517300
20160516,9.6800,9.6900,9.5100,9.6100,16247600
20160517,9.6700,9.9200,9.4900,9.6500,22112100
20160518,10.0500,10.2800,9.6800,9.6800,27017500
20160519,10.0700,10.2600,9.9100,10.0000,18852900
20160520,10.8000,10.8100,10.2800,10.3100,31189700
20160523,11.1400,11.1700,10.8200,10.8400,28369200
20160524,11.4900,11.5000,11.1600,11.3100,25437300
20160525,11.6000,11.7800,11.4200,11.5900,29175600
20160526,11.9500,12.0300,11.6900,11.7100,23644100
20160527,12.3100,12.4300,11.8300,11.9700,29838400
20160531,12.7200,12.9100,12.2600,12.6600,49604300
20160601,13.0900,13.0900,12.3100,12.6100,35762100
20160602,13.1100,13.2100,12.7500,12.9500,31941900
20160603,12.8600,13.0400,12.6300,13.0200,28326000
20160606,12.7700,13.0400,12.7600,12.8900,24861200
20160607,13.0000,13.1500,12.8100,12.8300,21409500
20160608,12.5800,13.0900,12.5100,13.0800,25869800
20160609,12.5100,12.7000,12.2400,12.4700,21881700
20160610,12.1400,12.3700,12.0500,12.3200,21439300
20160613,12.0500,12.3600,11.9400,12.0000,15570200
20160614,11.9200,12.3200,11.7400,12.0700,21913200
20160615,12.0200,12.2500,11.9500,12.1600,17491700
20160616,11.9500,11.9900,11.5800,11.8700,22453100
20160617,12.2000,12.3500,11.9500,11.9700,20604200
20160620,12.3200,12.6600,12.2900,12.5100,21481700
20160621,12.7500,12.8300,12.4200,12.5400,25060500
20160622,12.7200,13.0400,12.6700,12.7800,26968200
20160623,14.0500,14.1600,13.4100,13.4100,71203000
20160624,13.2100,13.8500,13.1300,13.5000,77486096
20160627,12.2300,13.2400,12.1000,13.1300,45700500
20160628,12.9900,13.0500,12.6200,12.6400,34838100
20160629,13.1900,13.4200,12.9400,13.3000,36879800
20160630,13.7600,13.7800,13.2200,13.3400,48486100
20160701,12.5000,12.9000,12.3100,12.5800,68847104
20160705,11.9100,12.4500,11.8000,12.3800,37298900
20160706,11.7300,11.8500,11.5000,11.7600,35747800
20160707,12.2000,12.5500,11.8900,11.9000,33457100
20160708,12.6200,12.7200,12.3800,12.3900,27955700
20160711,12.6400,12.9800,12.6100,12.7900,22797100
20160712,13.2300,13.4600,12.9800,13.0000,35226800
20160713,13.2900,13.3900,13.0700,13.2400,23067400
20160714,13.2900,13.5500,13.2700,13.5000,18698900
20160715,13.1300,13.5000,13.0400,13.3100,18046200
20160718,13.3400,13.3600,13.0900,13.2500,17180500
20160719,13.2200,13.2600,13.0500,13.2200,30569900
20160720,13.5900,13.6200,13.2400,13.3300,35666000
20160721,13.1800,13.5000,13.0800,13.4800,16734700
20160722,13.1300,13.2300,13.0200,13.2100,18755900
20160725,13.9200,14.3300,13.8800,14.0000,51357000
20160726,14.6700,14.6900,13.9300,14.0000,38959800
20160727,14.1900,14.8900,14.0600,14.8500,35035800
20160728,13.8100,14.1900,13.7000,14.1300,25504200
20160729,13.7400,13.9400,13.6200,13.9100,21792900
20160801,13.5600,13.9200,13.5500,13.8100,16363900
20160802,13.4000,13.5800,13.0200,13.5500,23707600
20160803,13.5100,13.5800,13.2700,13.2700,17316600
20160804,14.0300,14.2000,13.6000,13.6100,23400100
20160805,14.5200,14.7800,14.2000,14.2200,29098400
20160808,14.4200,14.7200,14.3800,14.5300,16163500
20160809,14.4800,14.7000,14.4000,14.5600,12563600
20160810,14.2000,14.5000,14.0300,14.4800,14987500
20160811,14.4300,14.4900,14.2100,14.2500,14441600
20160812,14.9300,14.9900,14.4300,14.4600,24900800
20160815,15.5300,15.7000,15.0800,15.0900,29088900
20160816,15.4900,15.5900,15.2300,15.5800,21865500
20160817,15.5200,15.7600,15.4600,15.5300,22534600
