20150818,40.6000,41.8000,38.3000,40.3000,3433200
20150819,43.8000,44.7000,41.5000,41.7000,48963700
20150820,49.4000,51.4000,47.2000,48.4000,6234300
20150821,45.4000,52.6000,44.1000,52.5000,6059100
20150824,34.9000,47.4000,33.9000,43.2000,46412300
20150825,31.1000,37.3000,30.4000,37.2000,4718900
20150826,26.8000,29.9000,26.1000,29.9000,6859300
20150827,31.3000,31.9000,26.4000,27.0000,5227400
20150828,34.2000,35.3000,30.9000,31.0000,6058800
20150831,33.2000,33.3000,29.6000,32.0000,4022100
20150901,30.6000,35.2000,30.3000,34.2000,4287900
20150902,29.8000,31.7000,28.0000,30.6000,5134600
20150903,28.2000,32.5000,28.1000,28.3000,4693700
20150904,28.5000,28.5000,26.3000,27.7000,4694700
20150908,29.2000,30.5000,28.0000,29.2000,3900400
20150909,26.8000,29.1000,26.5000,27.9000,4276600
20150910,26.6000,28.4000,26.4000,28.0000,3350800
20150911,27.1000,27.4000,23.6000,25.9000,5702900
20150914,26.3000,27.9000,25.3000,26.3000,3197300
20150915,26.6000,27.6000,25.7000,26.2000,2804300
20150916,31.0000,31.3000,28.0000,28.0000,6292200
20150917,33.6000,34.8000,29.6000,30.1000,8090100
20150918,35.1000,36.8000,33.0000,36.2000,6071300
20150921,31.8000,34.3000,31.7000,33.6000,3938900
20150922,27.5000,29.7000,27.1000,29.5000,4618500
20150923,26.8000,29.4000,26.6000,29.1000,3126400
20150924,32.3000,32.8000,28.5000,29.0000,7023300
20150925,30.9000,31.8000,30.2000,30.7000,3999700
20150928,26.8000,29.1000,26.5000,28.6000,3931700
20150929,27.1000,28.6000,26.3000,27.4000,2558100
20150930,28.8000,28.9000,25.7000,25.9000,44532100
20151001,27.0000,30.5900,26.5500,29.3200,6837900
20151002,33.4100,33.4300,29.7200,30.1100,8381000
20151005,37.7500,38.1300,34.0200,34.1500,6034100
20151006,41.9500,42.6600,38.5400,40.8100,6434100
20151007,41.4900,43.1500,39.4600,42.0700,4461000
20151008,39.8800,45.6900,39.0600,39.3800,4877000
20151009,46.2900,46.4200,43.2400,44.0000,4516200
20151012,42.3500,49.4100,41.0000,49.3500,4686200
20151013,43.0600,45.1900,41.5200,42.4700,3394200
20151014,51.1900,52.0300,45.3900,45.7900,6401200
20151015,51.2800,52.6000,47.5300,48.6000,5115400
20151016,46.7400,52.1000,46.6400,50.8900,4036500
20151019,41.0600,47.0500,40.1400,46.1800,5179000
20151020,45.6000,47.1000,42.2900,42.4100,5266600
20151021,41.7300,44.4400,40.6400,43.8500,4443300
20151022,43.8500,44.9500,41.1000,41.3300,4022000
20151023,47.0700,48.0900,42.2600,45.5100,5045300
20151026,42.8800,46.7200,42.6900,46.6900,4473200
20151027,42.9700,44.3000,40.9300,41.9800,3573200
20151028,41.4600,49.0000,39.3600,45.7000,8790300
20151029,35.8300,40.8600,35.0100,39.6400,8469300
20151030,34.6900,37.5500,34.5600,35.3500,5804900
20151102,35.0500,35.9900,32.2600,33.4100,7460000
20151103,34.3100,35.5000,32.7500,33.0300,5782400
20151104,32.1000,36.3100,32.0700,35.1000,7675900
20151105,28.7400,32.2500,28.1800,32.2500,11792500
20151106,24.9900,26.4000,24.5500,25.8700,12038800
20151109,26.8600,26.8600,24.0200,24.9200,10547600
20151110,24.8100,26.1800,24.5100,25.3200,9310400
20151111,25.6900,25.7300,24.5600,25.1400,7679500
20151112,24.6600,26.5000,23.7200,23.9500,9719000
20151113,25.5100,25.8000,24.3000,24.5500,8273800
20151116,26.1000,26.8100,25.6000,26.1700,5968700
20151117,22.5600,25.7400,22.3000,25.5100,12195500
20151118,24.4500,24.9600,21.7000,22.7900,12825200
20151119,27.0200,27.5900,25.4200,25.6500,12307500
20151120,24.0000,27.6900,23.5000,27.3900,9810500
20151123,23.5100,24.2200,23.1000,23.5200,5503200
20151124,26.0800,26.2500,24.2700,24.8600,9148800
20151125,25.4700,26.7200,24.5500,25.0100,6053100
20151127,24.1000,24.7200,23.5000,23.7800,3990900
20151130,25.4500,25.7700,24.2900,24.5000,6463600
20151201,27.8300,28.0000,25.1700,26.0900,7652300
20151202,25.7400,26.9500,24.6800,25.8000,8141600
20151203,27.1900,27.9200,26.0200,26.9400,7513500
20151204,31.4200,31.7000,28.1000,28.1400,11956700
20151207,27.5500,30.4600,26.6800,30.2300,8781100
20151208,26.9400,28.1500,26.0100,27.8800,8385700
20151209,27.8900,29.3400,26.9200,28.6600,8681400
20151210,27.6300,28.9900,27.0600,27.2700,4340500
20151211,28.4400,29.3600,26.4800,26.5500,7868500
20151214,23.8300,28.1800,23.8000,27.9100,12034900
20151215,24.0200,25.0000,23.4100,24.4900,6027900
20151216,26.8200,27.2200,24.2100,25.5700,11907700
20151217,22.1200,24.1000,22.0000,24.0600,13377600
20151218,23.4800,24.5000,22.8100,23.2100,10233600
20151221,24.8300,25.5000,24.2400,25.0300,7422300
20151222,24.3900,25.6800,24.1000,24.5900,5396700
20151223,25.9500,25.9600,24.7200,24.8900,5054600
20151224,27.5600,27.6400,26.3500,26.5100,4671300
20151228,24.9900,26.2300,24.1700,26.1500,6426100
20151229,25.6000,26.1500,24.8100,25.8200,4986000
20151230,24.0800,24.5000,23.6000,24.1700,5691800
20151231,24.2800,24.4800,23.7600,24.0200,5178500
20160104,26.3600,27.1000,25.1100,26.4800,9363800
20160105,25.9600,26.6500,25.3500,26.6100,5241600
20160106,27.1700,27.7200,26.6400,27.1000,6635100
20160107,30.7400,31.5000,27.9200,28.5900,9656500
20160108,28.5100,29.2900,27.0000,28.3400,8040700
20160111,25.0700,29.0800,24.5000,28.9000,10738300
20160112,23.4700,24.3000,22.1000,24.2900,13492900
20160113,23.3300,24.3000,22.1100,23.0400,10302900
20160114,20.9800,23.2200,20.2600,22.5700,14185200
20160115,20.6900,23.1000,20.6000,23.1000,9852200
20160119,17.9100,21.3900,17.4000,21.1900,15759000
20160120,19.4200,19.5000,17.9200,19.2000,9858500
20160121,19.6000,19.9100,17.5500,18.6200,9719100
20160122,20.0500,20.7700,18.6000,18.8700,7713200
20160125,21.6000,21.8700,20.7500,21.0900,6802000
20160126,24.5400,24.7600,22.4300,22.4600,10814300
20160127,25.8300,25.9000,23.2500,24.1000,9277900
20160128,24.1200,25.7500,23.3100,24.0500,6507900
20160129,25.6700,25.8700,23.3800,23.8000,7041600
20160201,28.0000,28.1700,26.2600,26.4500,8914100
20160202,26.1600,27.7100,25.1200,27.1700,5512400
20160203,31.8100,31.9400,26.8400,26.8500,11597600
20160204,36.8500,38.2500,34.5100,34.6300,13369300
20160205,43.0300,43.3700,33.0000,34.2200,12680200
20160208,45.9600,49.5400,45.9600,46.5900,13321700
20160209,40.8600,48.9800,40.6300,48.3100,10804800
20160210,43.4000,43.5000,36.1900,40.4000,10749400
20160211,52.6600,54.8000,48.1600,52.4400,14091600
20160212,56.8700,56.8900,47.6500,48.2000,11618700
20160216,42.3100,52.0000,42.1100,48.5000,11922900
20160217,46.3100,47.1700,43.0000,44.4400,9428300
20160218,54.7200,54.9100,43.5000,44.0200,12586900
20160219,50.3400,54.7800,49.5200,52.4300,9179600
20160222,51.5000,52.8300,45.2500,45.6300,8175200
20160223,54.4900,55.9000,52.5500,54.5000,8645500
20160224,56.1900,62.9000,53.8500,59.3200,11936800
20160225,58.8200,59.6000,55.0000,55.4800,8325300
20160226,52.5800,58.3900,52.1300,54.8000,9785700
20160229,58.0400,58.4800,54.7500,54.9000,7276500
20160301,51.1800,59.4900,50.6600,58.9900,9574500
20160302,54.8800,55.9800,51.1800,52.4000,7286000
20160303,61.6200,63.2900,55.3500,55.6800,10659700
20160304,60.7300,71.4600,59.1900,61.7800,14701500
20160307,66.8700,69.9200,62.4700,63.0100,9328700
20160308,57.4700,70.2200,57.2800,69.1200,10903000
20160309,58.0000,59.9500,52.0000,53.7100,9833800
20160310,65.8900,66.3400,60.1700,60.8400,11058900
20160311,61.7500,67.6500,60.5900,64.4200,6366600
20160314,54.0300,64.2500,54.0000,63.2500,8664500
20160315,57.3600,57.5000,51.8000,54.1900,7654000
20160316,68.9900,69.7500,52.5300,54.5400,14148100
20160317,64.6600,74.6500,64.2000,70.8500,12795100
20160318,66.3200,69.5800,64.0000,64.1100,8678500
20160321,66.1800,68.1900,63.6100,65.4300,6621000
20160322,66.3100,70.2600,64.0500,69.4000,7395500
20160323,51.3400,59.4800,51.2000,58.6000,14432400
20160324,54.6100,55.7600,51.6700,53.0500,7606100
20160328,54.5100,56.4000,51.6200,56.0000,6555300
20160329,63.5800,64.1500,54.2000,56.1300,12879700
20160330,60.7500,63.2600,57.3700,60.8900,7144700
20160331,58.5400,63.8800,58.4000,63.1400,4895600
20160401,59.7500,59.7500,52.7900,54.0000,9047500
20160404,54.7000,59.1000,54.4000,59.0800,5721400
20160405,59.4700,60.0000,54.7800,59.0000,7945300
20160406,59.8200,60.4400,56.6200,57.4100,5919300
20160407,65.2800,65.9400,62.9400,63.5900,8015500
20160408,71.2600,72.5700,64.5000,64.7600,8826300
20160411,84.0400,84.9500,75.7500,76.3000,8662800
20160412,86.1500,88.1200,80.3300,84.9700,7925500
20160413,79.0500,84.9700,78.0800,81.4800,6619100
20160414,72.1900,79.9300,69.0000,78.0000,8060700
20160415,78.1200,79.1700,70.5100,73.3700,6820100
20160418,78.0000,80.9600,75.0800,80.8000,5134600
20160419,89.2100,91.2800,85.5500,87.1000,8256800
20160420,84.4000,95.5900,82.8700,89.0700,10203600
20160421,88.7800,91.9300,84.6700,91.1500,8608500
20160422,81.4300,90.7200,79.6100,85.2900,6990700
20160425,79.8500,84.5400,79.1100,83.1600,4624400
20160426,85.5100,85.5800,79.2000,82.5100,5263000
20160427,88.2100,89.0000,81.0200,87.2200,6848400
20160428,99.9000,101.3000,90.2900,90.8900,8373400
20160429,119.0700,119.1800,105.5200,105.8000,9153700
20160502,112.8900,123.9600,109.1500,123.0000,7531900
20160503,103.5600,115.0500,101.1300,114.6800,6335400
20160504,87.6300,103.3000,86.2000,98.3300,9063500
20160505,96.2800,98.0000,91.1600,92.8700,7320800
20160506,107.7200,111.3200,100.7700,102.6000,8031200
20160509,87.1500,95.4700,87.0000,93.5100,7978400
20160510,96.5800,97.7900,85.0000,88.4600,6958300
20160511,104.3600,107.7200,94.1500,102.5000,9035800
20160512,97.8200,108.8100,96.4600,105.0100,6420000
20160513,100.8700,103.4400,96.6900,98.7300,5533400
20160516,106.5000,110.8800,103.9000,107.5800,6505800
20160517,110.9600,114.0600,102.3000,105.8200,6406900
20160518,84.6700,108.6100,84.5000,104.0000,10327400
20160519,88.8800,90.1800,76.1200,78.5100,9838900
20160520,89.5000,92.1000,82.2800,91.7700,6490400
20160523,86.4500,91.8500,82.0400,83.5500,6228100
20160524,72.5000,83.3600,72.2700,80.8600,9736900
20160525,77.5500,79.2300,67.3300,71.5000,10689200
20160526,77.1200,83.0000,74.9300,80.9300,7171800
20160527,70.8700,76.9500,69.1600,74.8100,8478200
20160531,73.0700,77.4100,68.7300,70.7000,6897700
20160601,74.4000,77.8800,70.6500,74.5000,7133900
20160602,74.9400,76.7700,72.0200,73.7800,4716900
20160603,99.9000,100.2200,87.6600,87.6600,13831300
20160606,101.0800,102.4800,94.1000,99.0100,6995200
20160607,97.5000,101.3000,96.1200,97.2900,4461800
20160608,106.8700,113.5800,105.8400,110.0000,6371600
20160609,111.7200,112.7300,104.7500,106.6600,4707900
20160610,106.8800,119.0000,104.5000,114.3400,7924500
20160613,106.4000,115.7400,102.6100,114.9200,5853400
20160614,99.5000,108.2700,96.9800,108.1000,6071300
20160615,111.1100,113.6000,98.1500,99.7000,7849600
20160616,100.7400,119.9200,99.6800,119.7900,9990000
20160617,104.1000,106.8600,98.0000,105.8600,6780400
20160620,102.2700,104.2900,93.5500,94.6000,5295600
20160621,93.7300,98.8500,93.7200,95.9200,5648500
20160622,99.9400,100.1400,92.3400,94.9300,5653100
20160623,96.9800,102.1500,95.8100,97.2100,3901800
20160624,113.9500,125.4000,110.0200,124.8800,8321600
20160627,118.1700,122.8000,110.3500,117.1900,6524100
20160628,112.6500,117.6000,110.8500,113.2800,5057800
20160629,119.4800,125.0000,116.6600,117.9100,5701100
20160630,126.1200,127.2200,119.5000,123.2500,4653600
20160701,144.4600,147.1000,136.5000,137.2600,5579100
20160705,153.7800,155.5000,142.0300,151.4100,5782400
20160706,167.7100,169.8300,158.8800,160.7100,6910300
20160707,152.4400,161.4000,149.0600,160.8300,5549900
20160708,166.6800,168.9000,149.7600,153.0900,5413300
20160711,167.9200,169.8200,160.1000,161.5100,4599800
20160712,148.6200,165.5000,148.0000,162.5000,5412700
20160713,162.4200,166.3600,154.6400,158.1600,4766200
20160714,160.0900,160.5500,146.2200,149.1600,5681200
20160715,154.7800,158.8900,151.5600,151.5600,3636100
20160718,156.9600,157.1000,150.1700,155.7900,3810300
20160719,151.8500,156.3500,150.9700,154.0200,3113600
20160720,125.2600,140.7700,122.7500,140.5000,6236000
20160721,137.0500,139.3500,127.1400,129.9200,4508600
20160722,136.1300,138.3800,131.5000,131.5000,2941700
20160725,121.7400,129.9700,117.1000,129.9700,5271700
20160726,131.0200,134.0000,124.5100,127.1300,3670500
20160727,148.8400,151.4500,127.4800,137.4600,7248600
20160728,148.4100,153.3600,140.5700,150.9500,4814500
20160729,160.5100,163.4000,152.2300,156.0300,5972800
20160801,166.4300,168.0000,155.7600,158.7700,5000600
20160802,172.3500,177.6000,170.3200,172.9100,4363700
20160803,166.4900,169.3400,162.1600,168.9600,3459200
20160804,170.6900,174.3000,168.8500,169.3000,2862300
20160805,154.4700,158.5000,151.8000,156.7700,4290500
20160808,158.3100,163.2600,153.3000,154.0000,2681600
20160809,162.7700,165.4500,160.0300,162.0400,2856000
20160810,170.8700,177.2500,165.8800,174.9700,3922500
20160811,167.5200,178.9800,166.0200,171.5100,3766200
20160812,166.9800,178.8000,165.0000,178.3200,4307600
20160815,163.9000,170.8800,162.1200,167.8900,2650300
20160816,162.9800,167.5000,160.5000,164.8800,3371700
20160817,156.0000,159.9700,145.1100,158.3100,6891800
